  -99 -99 -99 -99
  -99 -99 -99 -99
  -99 -99 -99 -99
  -99 -99 -99 -99
  335082.0;0.6898395721925134 -99 -99 -99
  351564.0;0.6898395721925134 -99 -99 -99
  -99 -99 -99 -99
  -99 -99 -99 -99
  460985.0;0.6898395721925134 429615.0;0.6898395721925134 447470.0;0.6898395721925134 452602.0;0.6898395721925134
  -99 -99 -99 -99
  438007.0;0.6898395721925134 429490.0;0.6898395721925134 446873.0;0.6898395721925134 464150.0;0.6898395721925134
  -99 -99 -99 -99
  439726.0;0.6898395721925134 445049.0;0.6898395721925134 449430.0;0.6898395721925134 449082.0;0.6898395721925134
  471549.0;0.6898395721925134 426916.0;0.6898395721925134 454187.0;0.6898395721925134 446107.0;0.6898395721925134
  459789.0;0.6898395721925134 443763.0;0.6898395721925134 448036.0;0.6898395721925134 420197.0;0.7049180327868853
  480942.0;0.6898395721925134 443514.0;0.6898395721925134 451936.0;0.6898395721925134 735498.0;0.7049180327868853
