  -99 -99 -99 -99
  -99 -99 -99 -99
  -99 -99 -99 -99
  -99 -99 -99 -99
  60144.7;0.9022321428571428 -99 -99 -99
  71571.9;0.9030384271671135 -99 -99 -99
  -99 -99 -99 -99
  -99 -99 -99 -99
  0 0 0 0
  -99 -99 -99 -99
  0 0 0 0
  -99 -99 -99 -99
  59565.0;0.9820213799805636 62978.9;0.9820213799805636 57764.7;0.9863347974621767 61095.1;0.982976653696498
  72064.3;0.982976653696498 81588.4;0.982976653696498 65979.9;0.9882640586797066 67975.8;0.9990113692535837
  63631.0;0.9892315222711697 60445.4;0.9820213799805636 63955.8;0.9820213799805636 60587.7;0.9950763170851797
  77132.1;0.9945866141732284 85176.6;0.9921453117329406 77014.7;0.982976653696498 73362.9;1.0
