  -99 -99 -99 -99
  -99 -99 -99 -99
  -99 -99 -99 -99
  -99 -99 -99 -99
  2366;0.9572649572649573 -99 -99 -99
  1980;1.0 -99 -99 -99
  -99 -99 -99 -99
  -99 -99 -99 -99
  0 0 0 0
  -99 -99 -99 -99
  0 0 0 0
  -99 -99 -99 -99
  1990;0.9572649572649573 4776;0.9572649572649573 1819;0.9572649572649573 1599;0.9572649572649573
  1783;0.9572649572649573 7659;0.9572649572649573 1722;0.9572649572649573 2149;0.9572649572649573
  3040;0.9572649572649573 1939;0.9572649572649573 1889;0.9572649572649573 2313;0.9572649572649573
  6808;0.9572649572649573 1622;0.9572649572649573 2410;0.9572649572649573 1938;0.9572649572649573
