  -99 -99 -99 -99
  -99 -99 -99 -99
  -99 -99 -99 -99
  -99 -99 -99 -99
  13102.0;0.9512195121951219 -99 -99 -99
  239893.0;0.9512195121951219 -99 -99 -99
  -99 -99 -99 -99
  -99 -99 -99 -99
  1060290.0;0.9512195121951219 916314.0;0.9512195121951219 1295815.0;0.9512195121951219 1475345.0;0.9512195121951219
  -99 -99 -99 -99
  1194354.0;0.9512195121951219 1171330.0;0.9512195121951219 1457355.0;0.9512195121951219 1728394.0;0.9512195121951219
  -99 -99 -99 -99
  1016284.0;0.9512195121951219 1045292.0;0.9512195121951219 1473330.0;0.9512195121951219 1254266.0;0.9512195121951219
  1273332.0;0.9512195121951219 1130336.0;0.9512195121951219 1712362.0;0.9512195121951219 1724342.0;0.9512195121951219
  1037314.0;0.9512195121951219 1045274.0;0.9512195121951219 1473304.0;0.9512195121951219 1582351.0;0.9512195121951219
  1260651.0;0.9512195121951219 1402349.0;0.9512195121951219 1698337.0;0.9512195121951219 1367313.0;1.0
