  -99 -99 -99 -99
  -99 -99 -99 -99
  -99 -99 -99 -99
  -99 -99 -99 -99
  38471.3;0.9927360774818402 -99 -99 -99
  37319.9;0.9927360774818402 -99 -99 -99
  -99 -99 -99 -99
  -99 -99 -99 -99
  200530.4;0.9927360774818402 178642.1;0.9927360774818402 222148.5;1.0 197149.8;1.0
  -99 -99 -99 -99
  275203.3;0.9927360774818402 256850.0;0.9927360774818402 313759.5;1.0 275485.6;1.0
  -99 -99 -99 -99
  189022.3;0.9927360774818402 177549.1;0.9927360774818402 207231.2;1.0 196046.0;1.0
  188572.4;0.9927360774818402 175541.4;0.9927360774818402 210069.5;1.0 196996.6;1.0
  281402.1;0.9927360774818402 249741.0;0.9927360774818402 293872.9;1.0 296952.2;1.0
  280946.7;0.9927360774818402 289511.0;1.0 288922.7;1.0 285377.5;1.0
  900000