  -99 -99 -99 -99
  -99 -99 -99 -99
  -99 -99 -99 -99
  -99 -99 -99 -99
  62183.0;1.0 -99 -99 -99
  118370.0;1.0 -99 -99 -99
  -99 -99 -99 -99
  -99 -99 -99 -99
  345976.0;1.0 325037.0;1.0 344801.0;1.0 398751.0;1.0
  -99 -99 -99 -99
  323070.0;1.0 321983.0;1.0 324234.0;1.0 355988.0;1.0
  -99 -99 -99 -99
  375080.0;1.0 379325.0;1.0 401996.0;1.0 311574.0;1.0
  343450.0;1.0 342717.0;1.0 356487.0;1.0 391593.0;1.0
  307421.0;1.0 305122.0;1.0 310341.0;1.0 357128.0;1.0
  380943.0;1.0 377873.0;1.0 398367.0;1.0 357904.0;1.0
