  -99 -99 -99 -99
  -99 -99 -99 -99
  -99 -99 -99 -99
  -99 -99 -99 -99
  13495.3;0.8155339805825242 -99 -99 -99
  13294.5;0.8155339805825242 -99 -99 -99
  -99 -99 -99 -99
  -99 -99 -99 -99
  13789.1;0.8155339805825242 15016.3;0.7567567567567568 13684.6;0.7567567567567568 13323.7;0.7567567567567568
  -99 -99 -99 -99
  14145.5;0.8155339805825242 13680.5;0.7567567567567568 12947.3;0.7567567567567568 14554.4;0.7567567567567568
  -99 -99 -99 -99
  14736.8;0.8155339805825242 14695.8;0.7567567567567568 13465.0;0.7567567567567568 14806.9;0.7567567567567568
  15050.4;0.8155339805825242 14528.5;0.7567567567567568 13023.7;0.7567567567567568 14836.0;0.7567567567567568
  14213.6;0.8155339805825242 13981.0;0.7567567567567568 12016.1;0.7567567567567568 15048.7;0.7368421052631579
  14184.0;0.8155339805825242 13136.9;0.7567567567567568 12481.7;0.7567567567567568 15684.0;1.0
